2.100000000000000000e+02 3.190000000000000000e+03
2.101999999999999886e+02 3.355758514832391938e+03
2.104000000000000057e+02 3.507678019776538349e+03
2.105999999999999943e+02 3.646718267304463552e+03
2.108000000000000114e+02 3.773839009888274177e+03
2.110000000000000000e+02 3.890000000000000000e+03
2.111999999999999886e+02 3.996160990111726733e+03
2.114000000000000057e+02 4.093281732695535084e+03
2.115999999999999943e+02 4.182321980223462560e+03
2.118000000000000114e+02 4.264241485167603969e+03
2.120000000000000000e+02 4.340000000000000000e+03
2.121999999999999886e+02 4.410477524720664405e+03
2.124000000000000057e+02 4.476235049441337651e+03
2.125999999999999943e+02 4.537753811801667325e+03
2.128000000000000114e+02 4.595515049441338306e+03
2.130000000000000000e+02 4.650000000000000000e+03
2.131999999999999886e+02 4.701688911005591763e+03
2.134000000000000057e+02 4.751058069539124517e+03
2.135999999999999943e+02 4.798582772569851841e+03
2.138000000000000114e+02 4.844738317067058233e+03
2.140000000000000000e+02 4.890000000000000000e+03
2.141999999999999886e+02 4.934686831256951336e+03
2.144000000000000057e+02 4.978492672402175231e+03
2.145999999999999943e+02 5.020955097918915271e+03
2.148000000000000114e+02 5.061611682290442332e+03
2.150000000000000000e+02 5.100000000000000000e+03
2.151999999999999886e+02 5.135883763966589868e+03
2.154000000000000057e+02 5.169931240852182782e+03
2.155999999999999943e+02 5.203036835754475760e+03
2.158000000000000114e+02 5.236094953771182190e+03
2.160000000000000000e+02 5.270000000000000909e+03
2.161999999999999886e+02 5.305378112876675914e+03
2.164000000000000057e+02 5.341782364189096370e+03
2.165999999999999943e+02 5.378497559063174776e+03
2.168000000000000114e+02 5.414808502624840003e+03
2.170000000000000000e+02 5.450000000000000000e+03
2.171999999999999886e+02 5.483563784526696509e+03
2.174000000000000057e+02 5.515819302391434576e+03
2.175999999999999943e+02 5.547292927992818477e+03
2.178000000000000114e+02 5.578511035729472496e+03
2.180000000000000000e+02 5.610000000000000909e+03
2.181999999999999886e+02 5.642126749016524627e+03
2.184000000000000057e+02 5.674620426245169256e+03
2.185999999999999943e+02 5.707050728965546114e+03
2.188000000000000114e+02 5.738987354457285619e+03
2.190000000000000000e+02 5.769999999999999091e+03
2.191999999999999886e+02 5.799769219407196033e+03
2.194000000000000057e+02 5.828418992627895932e+03
2.195999999999999943e+02 5.856184156144994631e+03
2.198000000000000114e+02 5.883299546441397979e+03
2.200000000000000000e+02 5.910000000000000000e+03
2.201999999999999886e+02 5.936476373354684256e+03
2.204000000000000057e+02 5.962743603243252437e+03
2.205999999999999943e+02 5.988772646454473033e+03
2.208000000000000114e+02 6.014534459777132724e+03
2.210000000000000000e+02 6.040000000000000000e+03
2.211999999999999886e+02 6.065125287174059849e+03
2.214000000000000057e+02 6.089806594399102323e+03
2.215999999999999943e+02 6.113925258037110325e+03
2.218000000000000114e+02 6.137362614450082219e+03
2.220000000000000000e+02 6.160000000000000000e+03
2.221999999999999886e+02 6.181742477949070235e+03
2.224000000000000057e+02 6.202590019160345037e+03
2.225999999999999943e+02 6.222566321397081083e+03
2.228000000000000114e+02 6.241695082422546875e+03
2.230000000000000000e+02 6.260000000000000000e+03
2.231999999999999886e+02 6.277504801029653208e+03
2.234000000000000057e+02 6.294233328959519895e+03
2.235999999999999943e+02 6.310209456374559522e+03
2.238000000000000114e+02 6.325457055859733373e+03
2.240000000000000000e+02 6.340000000000000000e+03
2.241999999999999886e+02 6.353838317932311838e+03
2.244000000000000057e+02 6.366876665001575020e+03
2.245999999999999943e+02 6.378995853104679554e+03
2.248000000000000114e+02 6.390076694138523635e+03
2.250000000000000000e+02 6.400000000000000000e+03
2.251999999999999886e+02 6.408741927241097073e+03
2.254000000000000057e+02 6.416660011034183299e+03
2.255999999999999943e+02 6.424207131206720078e+03
2.258000000000000114e+02 6.431836167586173360e+03
2.260000000000000000e+02 6.440000000000000909e+03
2.261999999999999886e+02 6.448953973103299177e+03
2.264000000000000057e+02 6.458163290861692985e+03
2.265999999999999943e+02 6.466895622068437660e+03
2.268000000000000114e+02 6.474418635516788527e+03
2.270000000000000000e+02 6.480000000000000000e+03
2.271999999999999886e+02 6.483122180345706511e+03
2.274000000000000057e+02 6.484126825519046179e+03
2.275999999999999943e+02 6.483570380519531682e+03
2.278000000000000114e+02 6.482009290346678426e+03
2.280000000000000000e+02 6.480000000000000909e+03
2.281999999999999886e+02 6.477917305513875363e+03
2.284000000000000057e+02 6.475409407062124956e+03
2.285999999999999943e+02 6.471942855853440051e+03
2.288000000000000114e+02 6.466984203096502824e+03
2.290000000000000000e+02 6.460000000000001819e+03
2.291999999999999886e+02 6.450648597598796187e+03
2.294000000000000057e+02 6.439355546232452980e+03
2.295999999999999943e+02 6.426738196066713499e+03
2.298000000000000114e+02 6.413413897267315406e+03
2.300000000000000000e+02 6.400000000000000000e+03
2.301999999999999886e+02 6.386928304090944948e+03
2.304000000000000057e+02 6.373888408008063379e+03
2.305999999999999943e+02 6.360384359879711155e+03
2.308000000000000114e+02 6.345920207834237772e+03
2.310000000000000000e+02 6.330000000000000000e+03
2.311999999999999886e+02 6.312278186037431624e+03
2.314000000000000057e+02 6.293010821735295394e+03
2.315999999999999943e+02 6.272604364414447446e+03
2.318000000000000114e+02 6.251465271395731179e+03
2.320000000000000000e+02 6.230000000000000909e+03
2.321999999999999886e+02 6.208518951759338961e+03
2.324000000000000057e+02 6.186948305050756062e+03
2.325999999999999943e+02 6.165118182462508230e+03
2.328000000000000114e+02 6.142858706582837840e+03
2.330000000000000000e+02 6.120000000000000909e+03
2.331999999999999886e+02 6.096446006925225447e+03
2.334000000000000057e+02 6.072395958061681085e+03
2.335999999999999943e+02 6.048122905735528548e+03
2.338000000000000114e+02 6.023899902272914915e+03
2.340000000000000000e+02 6.000000000000000000e+03
2.341999999999999886e+02 5.976577020539768455e+03
2.344000000000000057e+02 5.953307862702517014e+03
2.345999999999999943e+02 5.929750194595384528e+03
2.348000000000000114e+02 5.905461684325500755e+03
2.350000000000000000e+02 5.880000000000000909e+03
2.351999999999999886e+02 5.853085910915712702e+03
2.354000000000000057e+02 5.825092591128252025e+03
2.355999999999999943e+02 5.796556315882939089e+03
2.358000000000000114e+02 5.768013360425081373e+03
2.360000000000000000e+02 5.740000000000000909e+03
2.361999999999999886e+02 5.712919335797390886e+03
2.364000000000000057e+02 5.686641772784473687e+03
2.365999999999999943e+02 5.660904541872865593e+03
2.368000000000000114e+02 5.635444873974170150e+03
2.370000000000000000e+02 5.610000000000000909e+03
2.371999999999999886e+02 5.584356745894736378e+03
2.374000000000000057e+02 5.558500317733850352e+03
2.375999999999999943e+02 5.532465516625601595e+03
2.378000000000000114e+02 5.506287143678232496e+03
2.380000000000000000e+02 5.480000000000000909e+03
2.381999999999999886e+02 5.453653680623676337e+03
2.384000000000000057e+02 5.427356956280121267e+03
2.385999999999999943e+02 5.401233391624733486e+03
2.388000000000000114e+02 5.375406551312895317e+03
2.390000000000000000e+02 5.350000000000000909e+03
2.391999999999999886e+02 5.325108531610570026e+03
2.394000000000000057e+02 5.300711857145658541e+03
2.395999999999999943e+02 5.276760916875467956e+03
2.398000000000000114e+02 5.253206651070182488e+03
2.400000000000000000e+02 5.230000000000000909e+03
2.401999999999999886e+02 5.207112192934053382e+03
2.404000000000000057e+02 5.184595615137238383e+03
2.405999999999999943e+02 5.162522940873399421e+03
2.408000000000000114e+02 5.140966844406371820e+03
2.410000000000000000e+02 5.120000000000000909e+03
2.411999999999999886e+02 5.099642696653224448e+03
2.414000000000000057e+02 5.079705682305385380e+03
2.415999999999999943e+02 5.059947319630940001e+03
2.418000000000000114e+02 5.040125971304326413e+03
2.420000000000000000e+02 5.020000000000000909e+03
2.421999999999999886e+02 4.999437020453059631e+03
2.424000000000000057e+02 4.978741655641217221e+03
2.425999999999999943e+02 4.958327780602848179e+03
2.428000000000000114e+02 4.938609270376317909e+03
2.430000000000000000e+02 4.920000000000000909e+03
2.431999999999999886e+02 4.902769221534547796e+03
2.434000000000000057e+02 4.886607695129745480e+03
2.435999999999999943e+02 4.871061557957672449e+03
2.438000000000000114e+02 4.855676947190399005e+03
2.440000000000000000e+02 4.840000000000000000e+03
2.441999999999999886e+02 4.823726093408759880e+03
2.444000000000000057e+02 4.807147563839800569e+03
2.445999999999999943e+02 4.790705987566464501e+03
2.448000000000000114e+02 4.774842940862084106e+03
2.450000000000000000e+02 4.760000000000000000e+03
2.451999999999999886e+02 4.746486404830420724e+03
2.454000000000000057e+02 4.734082049511050172e+03
2.455999999999999943e+02 4.722434491776471077e+03
2.458000000000000114e+02 4.711191289361261624e+03
2.460000000000000000e+02 4.700000000000000909e+03
2.461999999999999886e+02 4.688568287269562461e+03
2.464000000000000057e+02 4.676844238115996632e+03
2.465999999999999943e+02 4.664836045327651846e+03
2.468000000000000114e+02 4.652551901692870160e+03
2.470000000000000000e+02 4.640000000000000909e+03
2.471999999999999886e+02 4.627240446091335798e+03
2.474000000000000057e+02 4.614540998024963301e+03
2.475999999999999943e+02 4.602221326912926997e+03
2.478000000000000114e+02 4.590601103867257734e+03
2.480000000000000000e+02 4.580000000000000000e+03
2.481999999999999886e+02 4.570629928365101478e+03
2.484000000000000057e+02 4.562271769784149001e+03
2.485999999999999943e+02 4.554598647020648059e+03
2.488000000000000114e+02 4.547283682838097775e+03
2.490000000000000000e+02 4.540000000000000909e+03
2.491999999999999886e+02 4.532479840448267169e+03
2.494000000000000057e+02 4.524691922838442224e+03
2.495999999999999943e+02 4.516664085004485969e+03
2.498000000000000114e+02 4.508424164780351930e+03
2.500000000000000000e+02 4.500000000000000909e+03
2.501999999999999886e+02 4.491450709841839853e+03
2.504000000000000057e+02 4.482960538862085741e+03
2.505999999999999943e+02 4.474745012961415341e+03
2.508000000000000114e+02 4.467019658040495415e+03
2.510000000000000000e+02 4.460000000000000000e+03
2.511999999999999886e+02 4.453797320184382443e+03
2.514000000000000057e+02 4.448105921713215139e+03
2.515999999999999943e+02 4.442515863149857068e+03
2.518000000000000114e+02 4.436617203057667211e+03
2.520000000000000000e+02 4.430000000000000909e+03
2.521999999999999886e+02 4.422400009420639435e+03
2.524000000000000057e+02 4.414135774285056868e+03
2.525999999999999943e+02 4.405671534439158677e+03
2.528000000000000114e+02 4.397471529728837595e+03
2.530000000000000000e+02 4.390000000000000000e+03
2.531999999999999886e+02 4.383562642133068039e+03
2.534000000000000057e+02 4.377830981146558770e+03
2.535999999999999943e+02 4.372317999093515937e+03
2.538000000000000114e+02 4.366536678026982372e+03
2.540000000000000000e+02 4.360000000000000000e+03
2.541999999999999886e+02 4.352389422047094740e+03
2.544000000000000057e+02 4.344060301128709398e+03
2.545999999999999943e+02 4.335536469186779868e+03
2.548000000000000114e+02 4.327341758163233862e+03
2.550000000000000000e+02 4.320000000000000909e+03
2.551999999999999886e+02 4.313839669678562132e+03
2.554000000000000057e+02 4.308407814338603202e+03
2.555999999999999943e+02 4.303056124159365027e+03
2.558000000000000114e+02 4.297136289320083961e+03
2.560000000000000000e+02 4.290000000000000000e+03
2.561999999999999886e+02 4.281211899238664955e+03
2.563999999999999773e+02 4.271188441516881539e+03
2.566000000000000227e+02 4.260559034175762463e+03
2.568000000000000114e+02 4.249953084556431349e+03
2.570000000000000000e+02 4.240000000000000909e+03
2.571999999999999886e+02 4.231152733366783650e+03
2.573999999999999773e+02 4.223158419593880353e+03
2.576000000000000227e+02 4.215587739137582503e+03
2.578000000000000114e+02 4.208011372454191587e+03
2.580000000000000000e+02 4.200000000000000909e+03
2.581999999999999886e+02 4.191217167294205865e+03
2.583999999999999773e+02 4.181697880107606579e+03
2.586000000000000227e+02 4.171570009273904361e+03
2.588000000000000114e+02 4.160961425626802338e+03
2.590000000000000000e+02 4.150000000000000000e+03
2.591999999999999886e+02 4.138778597456399439e+03
2.593999999999999773e+02 4.127250059975700424e+03
2.596000000000000227e+02 4.115332223766798052e+03
2.598000000000000114e+02 4.102942925038599242e+03
2.600000000000000000e+02 4.090000000000000455e+03
2.601999999999999886e+02 4.076468442880202019e+03
2.603999999999999773e+02 4.062501879989603367e+03
2.606000000000000227e+02 4.048301095658900522e+03
2.608000000000000114e+02 4.034066874218800876e+03
2.610000000000000000e+02 4.020000000000000455e+03
2.611999999999999886e+02 4.006227631022798960e+03
2.613999999999999773e+02 3.992582420065898077e+03
2.616000000000000227e+02 3.978823393597594077e+03
2.618000000000000114e+02 3.964709578086195506e+03
2.620000000000000000e+02 3.950000000000000000e+03
2.621999999999999886e+02 3.934541033028608126e+03
2.623999999999999773e+02 3.918528439746817185e+03
2.626000000000000227e+02 3.902245329950717405e+03
2.628000000000000114e+02 3.885974813436414479e+03
2.630000000000000000e+02 3.870000000000000455e+03
2.631999999999999886e+02 3.854488236862775011e+03
2.633999999999999773e+02 3.839143820946847882e+03
2.636000000000000227e+02 3.823555286599529154e+03
2.638000000000000114e+02 3.807311168168143922e+03
2.640000000000000000e+02 3.790000000000000000e+03
2.641999999999999886e+02 3.771346019520301979e+03
2.643999999999999773e+02 3.751616276465807005e+03
2.646000000000000227e+02 3.731213523651155811e+03
2.648000000000000114e+02 3.710540513891006412e+03
2.650000000000000000e+02 3.690000000000000455e+03
2.651999999999999886e+02 3.669887685056026385e+03
2.653999999999999773e+02 3.650071073189940307e+03
2.656000000000000227e+02 3.630310618795836945e+03
2.658000000000000114e+02 3.610366776267826026e+03
2.660000000000000000e+02 3.590000000000000000e+03
2.661999999999999886e+02 3.569023240255602104e+03
2.663999999999999773e+02 3.547459430774445991e+03
2.666000000000000227e+02 3.525384001165483369e+03
2.668000000000000114e+02 3.502872381037684136e+03
2.670000000000000000e+02 3.480000000000000455e+03
2.671999999999999886e+02 3.456819353921574930e+03
2.673999999999999773e+02 3.433291203712292827e+03
2.676000000000000227e+02 3.409353376542217575e+03
2.678000000000000114e+02 3.384943699581431702e+03
2.680000000000000000e+02 3.360000000000000455e+03
2.681999999999999886e+02 3.334499344058108818e+03
2.683999999999999773e+02 3.308575754376402529e+03
2.686000000000000227e+02 3.282402492665634782e+03
2.688000000000000114e+02 3.256152820636582874e+03
2.690000000000000000e+02 3.230000000000000000e+03
2.691999999999999886e+02 3.204063269846002186e+03
2.693999999999999773e+02 3.178245778782119032e+03
2.696000000000000227e+02 3.152396652795228420e+03
2.698000000000000114e+02 3.126365017872229146e+03
2.700000000000000000e+02 3.100000000000000000e+03
2.701999999999999886e+02 3.073167576557894790e+03
2.703999999999999773e+02 3.045801130495142843e+03
2.706000000000000227e+02 3.017850896153437134e+03
2.708000000000000114e+02 2.989267107874492012e+03
2.710000000000000000e+02 2.960000000000000909e+03
2.711999999999999886e+02 2.930066423922431568e+03
2.713999999999999773e+02 2.899749699237331697e+03
2.716000000000000227e+02 2.869399762591008766e+03
2.718000000000000114e+02 2.839366550629795711e+03
2.720000000000000000e+02 2.810000000000000455e+03
2.721999999999999886e+02 2.781526727752392617e+03
2.723999999999999773e+02 2.753680072555554034e+03
2.726000000000000227e+02 2.726070053482512776e+03
2.728000000000000114e+02 2.698306689606318741e+03
2.730000000000000000e+02 2.670000000000000000e+03
2.731999999999999886e+02 2.640866665068009752e+03
2.733999999999999773e+02 2.611050010540473068e+03
2.736000000000000227e+02 2.580800023478923777e+03
2.738000000000000114e+02 2.550366690944920720e+03
2.740000000000000000e+02 2.520000000000000000e+03
2.741999999999999886e+02 2.489886611975578035e+03
2.743999999999999773e+02 2.459959885282574305e+03
2.746000000000000227e+02 2.430089852601773600e+03
2.748000000000000114e+02 2.400146546613987084e+03
2.750000000000000000e+02 2.370000000000000455e+03
2.751999999999999886e+02 2.339586887029688114e+03
2.753999999999999773e+02 2.309110448329251540e+03
2.756000000000000227e+02 2.278840566113962723e+03
2.758000000000000114e+02 2.249047122599120939e+03
2.760000000000000000e+02 2.220000000000000455e+03
2.761999999999999886e+02 2.191845839905680805e+03
2.763999999999999773e+02 2.164238321400442601e+03
2.766000000000000227e+02 2.136707882942357628e+03
2.768000000000000114e+02 2.108784962989519499e+03
2.770000000000000000e+02 2.080000000000000000e+03
2.771999999999999886e+02 2.050069753347599544e+03
2.773999999999999773e+02 2.019456266068998502e+03
2.776000000000000227e+02 1.988807902116589958e+03
2.778000000000000114e+02 1.958773025442792914e+03
2.780000000000000000e+02 1.930000000000000227e+03
2.781999999999999886e+02 1.902915146703932123e+03
2.783999999999999773e+02 1.877056614323584427e+03
2.786000000000000227e+02 1.851740508591264415e+03
2.788000000000000114e+02 1.826282935239300286e+03
2.790000000000000000e+02 1.800000000000000455e+03
2.791999999999999886e+02 1.772429659836682504e+03
2.793999999999999773e+02 1.743997276636684091e+03
2.796000000000000227e+02 1.715350063518336810e+03
2.798000000000000114e+02 1.687135233599997491e+03
2.800000000000000000e+02 1.660000000000000000e+03
2.801999999999999886e+02 1.634406213949347830e+03
2.803999999999999773e+02 1.610074279129700244e+03
2.806000000000000227e+02 1.586539237335372491e+03
2.808000000000000114e+02 1.563336130360700508e+03
2.810000000000000000e+02 1.540000000000000000e+03
2.811999999999999886e+02 1.516185484365934599e+03
2.813999999999999773e+02 1.492025606844532831e+03
2.816000000000000227e+02 1.467772987140157511e+03
2.818000000000000114e+02 1.443680244957192599e+03
2.820000000000000000e+02 1.420000000000000000e+03
2.821999999999999886e+02 1.396931848586922570e+03
2.823999999999999773e+02 1.374463293492185585e+03
2.826000000000000227e+02 1.352528814103982313e+03
2.828000000000000114e+02 1.331062889810523075e+03
2.830000000000000000e+02 1.310000000000000227e+03
2.831999999999999886e+02 1.289287121286385172e+03
2.833999999999999773e+02 1.268921219186741155e+03
2.836000000000000227e+02 1.248911756443900231e+03
2.838000000000000114e+02 1.229268195800709464e+03
2.840000000000000000e+02 1.210000000000000227e+03
2.841999999999999886e+02 1.191119666267545654e+03
2.843999999999999773e+02 1.172651829760864302e+03
2.846000000000000227e+02 1.154624160120405350e+03
2.848000000000000114e+02 1.137064326986634114e+03
2.850000000000000000e+02 1.120000000000000000e+03
2.851999999999999886e+02 1.103434213643439762e+03
2.853999999999999773e+02 1.087271461769815232e+03
2.856000000000000227e+02 1.071391603074467412e+03
2.858000000000000114e+02 1.055674496252748895e+03
2.860000000000000000e+02 1.040000000000000227e+03
2.861999999999999886e+02 1.024287479158702354e+03
2.863999999999999773e+02 1.008614323159886339e+03
2.866000000000000227e+02 9.930974275817151238e+02
2.868000000000000114e+02 9.778536880023652884e+02
2.870000000000000000e+02 9.630000000000000000e+02
2.871999999999999886e+02 9.486238697217565914e+02
2.873999999999999773e+02 9.346952455906503019e+02
2.876000000000000227e+02 9.211546865986623516e+02
2.878000000000000114e+02 9.079427517377852155e+02
2.880000000000000000e+02 8.950000000000000000e+02
2.881999999999999886e+02 8.822810419542764748e+02
2.883999999999999773e+02 8.697966944775222373e+02
2.886000000000000227e+02 8.575718260236267270e+02
2.888000000000000114e+02 8.456313050464897287e+02
2.890000000000000000e+02 8.340000000000000000e+02
2.891999999999999886e+02 8.226919624611425661e+02
2.893999999999999773e+02 8.116779764992695618e+02
2.896000000000000227e+02 8.009180093068225688e+02
2.898000000000000114e+02 7.903720280762523771e+02
2.900000000000000000e+02 7.800000000000000000e+02
2.901999999999999886e+02 7.697751082011576500e+02
2.903999999999999773e+02 7.597233995254072170e+02
2.906000000000000227e+02 7.498841367490755374e+02
2.908000000000000114e+02 7.402965826484976333e+02
2.910000000000000000e+02 7.310000000000002274e+02
2.911999999999999886e+02 7.220156047342306920e+02
2.913999999999999773e+02 7.132924253991088790e+02
2.916000000000000227e+02 7.047614436968693781e+02
2.918000000000000114e+02 6.963536413297548506e+02
2.920000000000000000e+02 6.880000000000000000e+02
2.921999999999999886e+02 6.796584728619232010e+02
2.923999999999999773e+02 6.713948988781643266e+02
2.926000000000000227e+02 6.633020884634419190e+02
2.928000000000000114e+02 6.554728520324810006e+02
2.930000000000000000e+02 6.480000000000001137e+02
2.931999999999999886e+02 6.409425038180796719e+02
2.933999999999999773e+02 6.342239790882398438e+02
2.936000000000000227e+02 6.277342024493584631e+02
2.938000000000000114e+02 6.213629505403192752e+02
2.940000000000000000e+02 6.150000000000001137e+02
2.941999999999999886e+02 6.085635118657608018e+02
2.943999999999999773e+02 6.020851847688816179e+02
2.946000000000000227e+02 5.956251017391200548e+02
2.948000000000000114e+02 5.892433458062403133e+02
2.950000000000000000e+02 5.830000000000000000e+02
2.951999999999999886e+02 5.769394487188794756e+02
2.953999999999999773e+02 5.710432818362390890e+02
2.956000000000000227e+02 5.652773905941572821e+02
2.958000000000000114e+02 5.596076662347180672e+02
2.960000000000000000e+02 5.540000000000000000e+02
2.961999999999999886e+02 5.484306932587234087e+02
2.963999999999999773e+02 5.429176878861667319e+02
2.966000000000000227e+02 5.374893358842471116e+02
2.968000000000000114e+02 5.321739892548858961e+02
2.970000000000000000e+02 5.270000000000000000e+02
2.971999999999999886e+02 5.219857782462293017e+02
2.973999999999999773e+02 5.171099666190980315e+02
2.976000000000000227e+02 5.123412658688511101e+02
2.978000000000000114e+02 5.076483767457368685e+02
2.980000000000000000e+02 5.030000000000000000e+02
2.981999999999999886e+02 4.983701937563617435e+02
2.983999999999999773e+02 4.937544456374447464e+02
2.986000000000000227e+02 4.891536006403457009e+02
2.988000000000000114e+02 4.845685037621652782e+02
2.990000000000000000e+02 4.800000000000000568e+02
2.991999999999999886e+02 4.754534467283255026e+02
2.993999999999999773e+02 4.709522508311263778e+02
2.996000000000000227e+02 4.665243315697633761e+02
2.998000000000000114e+02 4.621976082056009432e+02
3.000000000000000000e+02 4.580000000000000000e+02
3.001999999999999886e+02 4.539440193303378805e+02
3.003999999999999773e+02 4.499805510380530222e+02
3.006000000000000227e+02 4.460450730805982289e+02
3.008000000000000114e+02 4.420730634154296581e+02
3.010000000000000000e+02 4.380000000000000000e+02
3.011999999999999886e+02 4.337864759503245864e+02
3.013999999999999773e+02 4.294935450166645410e+02
3.016000000000000227e+02 4.252073761078410143e+02
3.018000000000000114e+02 4.210141381326791929e+02
3.020000000000000000e+02 4.170000000000000000e+02
3.021999999999999886e+02 4.132220768683652068e+02
3.023999999999999773e+02 4.096212688952917915e+02
3.026000000000000227e+02 4.061094224880349088e+02
3.028000000000000114e+02 4.025983840538526124e+02
3.030000000000000000e+02 3.990000000000000000e+02
3.031999999999999886e+02 3.952532165762160616e+02
3.033999999999999773e+02 3.914053794021709791e+02
3.036000000000000227e+02 3.875309339400169506e+02
3.038000000000000114e+02 3.837043256519092438e+02
3.040000000000000000e+02 3.800000000000001137e+02
3.041999999999999886e+02 3.764690568267722028e+02
3.043999999999999773e+02 3.730692134960271460e+02
3.046000000000000227e+02 3.697348417518952033e+02
3.048000000000000114e+02 3.664003133385094202e+02
3.050000000000000000e+02 3.630000000000000568e+02
3.051999999999999886e+02 3.594865561166967609e+02
3.053999999999999773e+02 3.558857666137230922e+02
3.056000000000000227e+02 3.522416990524002358e+02
3.058000000000000114e+02 3.485984209940522192e+02
3.060000000000000000e+02 3.450000000000000568e+02
3.061999999999999886e+02 3.414807187064422465e+02
3.063999999999999773e+02 3.380357200490829541e+02
3.066000000000000227e+02 3.346503620385017257e+02
3.068000000000000114e+02 3.313100026852808924e+02
3.070000000000000000e+02 3.280000000000000568e+02
3.071999999999999886e+02 3.247105690575355652e+02
3.073999999999999773e+02 3.214513531899474970e+02
3.076000000000000227e+02 3.182368527935907991e+02
3.078000000000000114e+02 3.150815682648233178e+02
3.080000000000000000e+02 3.120000000000000568e+02
3.081999999999999886e+02 3.089970050634167933e+02
3.083999999999999773e+02 3.060388671911294409e+02
3.086000000000000227e+02 3.030822267871329814e+02
3.088000000000000114e+02 3.000837242554248405e+02
3.090000000000000000e+02 2.970000000000000000e+02
3.091999999999999886e+02 2.938054106887984744e+02
3.093999999999999773e+02 2.905451780455369430e+02
3.096000000000000227e+02 2.872822400578752990e+02
3.098000000000000114e+02 2.840795347134763347e+02
3.100000000000000000e+02 2.810000000000000568e+02
3.101999999999999886e+02 2.780853521813904763e+02
3.103999999999999773e+02 2.752924206267251179e+02
3.106000000000000227e+02 2.725568129813638052e+02
3.108000000000000114e+02 2.698141368906688626e+02
3.110000000000000000e+02 2.670000000000000000e+02
3.111999999999999886e+02 2.640691805856407086e+02
3.113999999999999773e+02 2.610531394475646607e+02
3.116000000000000227e+02 2.580025080166674911e+02
3.118000000000000114e+02 2.549679177238474495e+02
3.120000000000000000e+02 2.520000000000000284e+02
3.121999999999999886e+02 2.491339254760479491e+02
3.123999999999999773e+02 2.463430215830184125e+02
3.126000000000000227e+02 2.435851549519643129e+02
3.128000000000000114e+02 2.408181922139405913e+02
3.130000000000000000e+02 2.380000000000000000e+02
3.131999999999999886e+02 2.351071175101687913e+02
3.133999999999999773e+02 2.321907742203637497e+02
3.136000000000000227e+02 2.293208721754735677e+02
3.138000000000000114e+02 2.265673134203894392e+02
3.140000000000000000e+02 2.240000000000000000e+02
3.141999999999999886e+02 2.216616044832779551e+02
3.143999999999999773e+02 2.194858815355285913e+02
3.146000000000000227e+02 2.173793563461397298e+02
3.148000000000000114e+02 2.152485541045008688e+02
3.150000000000000000e+02 2.130000000000000284e+02
3.151999999999999886e+02 2.105664645567202058e+02
3.153999999999999773e+02 2.079856996375236236e+02
3.156000000000000227e+02 2.053217024399662023e+02
3.158000000000000114e+02 2.026384701616063069e+02
3.160000000000000000e+02 2.000000000000000284e+02
3.161999999999999886e+02 1.974565372898420605e+02
3.163999999999999773e+02 1.950033199143788352e+02
3.166000000000000227e+02 1.926218338939939372e+02
3.168000000000000114e+02 1.902935652490731400e+02
3.170000000000000000e+02 1.880000000000000000e+02
3.171999999999999886e+02 1.857273862839124661e+02
3.173999999999999773e+02 1.834810207049629014e+02
3.176000000000000227e+02 1.812709619840564699e+02
3.178000000000000114e+02 1.791072688421004102e+02
3.180000000000000000e+02 1.770000000000000284e+02
3.181999999999999886e+02 1.749539175745088073e+02
3.183999999999999773e+02 1.729525972657712316e+02
3.186000000000000227e+02 1.709743181697786838e+02
3.188000000000000114e+02 1.689973593825244791e+02
3.190000000000000000e+02 1.670000000000000284e+02
3.191999999999999886e+02 1.649689434180530441e+02
3.193999999999999773e+02 1.629245902319537436e+02
3.196000000000000227e+02 1.608957653368274521e+02
3.198000000000000114e+02 1.589112936278010864e+02
3.200000000000000000e+02 1.570000000000000000e+02
3.201999999999999886e+02 1.551783087532797936e+02
3.203999999999999773e+02 1.534130418064152082e+02
3.206000000000000227e+02 1.516586204829102940e+02
3.208000000000000114e+02 1.498694661062705791e+02
3.210000000000000000e+02 1.480000000000000284e+02
3.211999999999999886e+02 1.460218215688284715e+02
3.213999999999999773e+02 1.439752425423866953e+02
3.216000000000000227e+02 1.419177527315301290e+02
3.218000000000000114e+02 1.399068419471161064e+02
3.220000000000000000e+02 1.380000000000000284e+02
3.221999999999999886e+02 1.362384049714071352e+02
3.223999999999999773e+02 1.345979880240394948e+02
3.226000000000000227e+02 1.330383685909679059e+02
3.228000000000000114e+02 1.315191661052644747e+02
3.230000000000000000e+02 1.300000000000000000e+02
3.231999999999999886e+02 1.284485585455436762e+02
3.233999999999999773e+02 1.268648053614565754e+02
3.236000000000000227e+02 1.252567729045971845e+02
3.238000000000000114e+02 1.236324936318254828e+02
3.240000000000000000e+02 1.220000000000000000e+02
3.241999999999999886e+02 1.203673608464187055e+02
3.243999999999999773e+02 1.187427905301353945e+02
3.246000000000000227e+02 1.171345397906422932e+02
3.248000000000000114e+02 1.155508593674330768e+02
3.250000000000000000e+02 1.140000000000000142e+02
3.251999999999999886e+02 1.124899980687820431e+02
3.253999999999999773e+02 1.110280325180030303e+02
3.256000000000000227e+02 1.096210679328326307e+02
3.258000000000000114e+02 1.082760688984417357e+02
3.260000000000000000e+02 1.070000000000000000e+02
3.261999999999999886e+02 1.057926468784536951e+02
3.263999999999999773e+02 1.046250793978535683e+02
3.266000000000000227e+02 1.034611884780263438e+02
3.268000000000000114e+02 1.022648650387995843e+02
3.270000000000000000e+02 1.010000000000000000e+02
3.271999999999999886e+02 9.964341441740374705e+01
3.273999999999999773e+02 9.822364989058364415e+01
3.276000000000000227e+02 9.678217815506127408e+01
3.278000000000000114e+02 9.536047094635955546e+01
3.280000000000000000e+02 9.400000000000002842e+01
3.281999999999999886e+02 9.273049545193187271e+01
3.283999999999999773e+02 9.153472103981290786e+01
3.286000000000000227e+02 9.038369890172772614e+01
3.288000000000000114e+02 8.924845117576188613e+01
3.290000000000000000e+02 8.810000000000000853e+01
3.291999999999999886e+02 8.692020377486923621e+01
3.293999999999999773e+02 8.573426595016563567e+01
3.296000000000000227e+02 8.457822623802709927e+01
3.298000000000000114e+02 8.348812435059258519e+01
3.300000000000000000e+02 8.250000000000000000e+01
3.301999999999999886e+02 8.163348944859157541e+01
3.303999999999999773e+02 8.084261515952537991e+01
3.306000000000000227e+02 8.006499614616316762e+01
3.308000000000000114e+02 7.923825142186744586e+01
3.310000000000000000e+02 7.830000000000001137e+01
3.311999999999999886e+02 7.721063843076478861e+01
3.313999999999999773e+02 7.602167341173354487e+01
3.316000000000000227e+02 7.480738917731959248e+01
3.318000000000000114e+02 7.364206996193730959e+01
3.320000000000000000e+02 7.260000000000000853e+01
3.321999999999999886e+02 7.173195682834962383e+01
3.323999999999999773e+02 7.099469119354118618e+01
3.326000000000000227e+02 7.032144714455775159e+01
3.328000000000000114e+02 6.964546873038300134e+01
3.330000000000000000e+02 6.890000000000000568e+01
3.331999999999999886e+02 6.803593425583703436e+01
3.333999999999999773e+02 6.707476181410234517e+01
3.336000000000000227e+02 6.605562224444886965e+01
3.338000000000000114e+02 6.501765511653043461e+01
3.340000000000000000e+02 6.400000000000001421e+01
3.341999999999999886e+02 6.303390614830257022e+01
3.343999999999999773e+02 6.211906155005012664e+01
3.346000000000000227e+02 6.124726387764617641e+01
3.348000000000000114e+02 6.041031080349496563e+01
3.350000000000000000e+02 5.960000000000000853e+01
3.351999999999999886e+02 5.880924115095303506e+01
3.353999999999999773e+02 5.803539198569781377e+01
3.356000000000000227e+02 5.727692224496588835e+01
3.358000000000000114e+02 5.653230166948942781e+01
3.360000000000000000e+02 5.579999999999999716e+01
3.361999999999999886e+02 5.508032924788559370e+01
3.363999999999999773e+02 5.438097050715918357e+01
3.366000000000000227e+02 5.371144714248980989e+01
3.368000000000000114e+02 5.308128251854707003e+01
3.370000000000000000e+02 5.250000000000000000e+01
3.371999999999999886e+02 5.197184185750487018e+01
3.373999999999999773e+02 5.147992598566596456e+01
3.376000000000000227e+02 5.100208918507451727e+01
3.378000000000000114e+02 5.051616825632212482e+01
3.380000000000000000e+02 5.000000000000000000e+01
3.382000000000000455e+02 4.943390332209500571e+01
3.383999999999999773e+02 4.880812555017737253e+01
3.386000000000000227e+02 4.811539611721180165e+01
3.388000000000000114e+02 4.734844445616426611e+01
3.390000000000000000e+02 4.650000000000000000e+01
3.392000000000000455e+02 4.557174485411440656e+01
3.393999999999999773e+02 4.460117181362503658e+01
3.396000000000000227e+02 4.363472634607781231e+01
3.398000000000000114e+02 4.271885391902056028e+01
3.400000000000000000e+02 4.190000000000000568e+01
3.402000000000000455e+02 4.121351726144624195e+01
3.403999999999999773e+02 4.065038719532308420e+01
3.406000000000000227e+02 4.019049849847643685e+01
3.408000000000000114e+02 3.981373986775327012e+01
3.410000000000000000e+02 3.950000000000000711e+01
3.412000000000000455e+02 3.922378610009980804e+01
3.413999999999999773e+02 3.893807940508303744e+01
3.416000000000000227e+02 3.859047966001614327e+01
3.418000000000000114e+02 3.812858660996622007e+01
3.420000000000000000e+02 3.750000000000000000e+01
3.422000000000000455e+02 3.667853833815395603e+01
3.423999999999999773e+02 3.574289518434513013e+01
3.426000000000000227e+02 3.479798286145870634e+01
3.428000000000000114e+02 3.394871369238168768e+01
3.430000000000000000e+02 3.330000000000000426e+01
3.432000000000000455e+02 3.292126054728346674e+01
3.433999999999999773e+02 3.273993985753696734e+01
3.436000000000000227e+02 3.264798889414860383e+01
3.438000000000000114e+02 3.253735862050683636e+01
3.440000000000000000e+02 3.229999999999999716e+01
3.442000000000000455e+02 3.185881947271162673e+01
3.443999999999999773e+02 3.126054538550726392e+01
3.446000000000000227e+02 3.058286156194667171e+01
3.448000000000000114e+02 2.990345182559083881e+01
3.450000000000000000e+02 2.930000000000000426e+01
3.452000000000000455e+02 2.883226156186938383e+01
3.453999999999999773e+02 2.848827860043433091e+01
3.456000000000000227e+02 2.823816485806435495e+01
3.458000000000000114e+02 2.805203407712963326e+01
3.460000000000000000e+02 2.789999999999999858e+01
3.462000000000000455e+02 2.775453427981031851e+01
3.463999999999999773e+02 2.759754021275564284e+01
3.466000000000000227e+02 2.741327900579569032e+01
3.468000000000000114e+02 2.718601186589052432e+01
3.470000000000000000e+02 2.689999999999999858e+01
3.472000000000000455e+02 2.654240131888900223e+01
3.473999999999999773e+02 2.611196054854324444e+01
3.476000000000000227e+02 2.561031911875267753e+01
3.478000000000000114e+02 2.503911845930815616e+01
3.480000000000000000e+02 2.440000000000000213e+01
3.482000000000000455e+02 2.370386044463310071e+01
3.483999999999999773e+02 2.299861759307169251e+01
3.486000000000000227e+02 2.234144451919326002e+01
3.488000000000000114e+02 2.178951429687667485e+01
3.490000000000000000e+02 2.139999999999999858e+01
3.492000000000000455e+02 2.121015690257783604e+01
3.493999999999999773e+02 2.117756907917036102e+01
3.496000000000000227e+02 2.123990280447394952e+01
3.498000000000000114e+02 2.133482435318500947e+01
3.500000000000000000e+02 2.140000000000000213e+01
3.502000000000000455e+02 2.138431194505526989e+01
3.503999999999999773e+02 2.128150609024693907e+01
3.506000000000000227e+02 2.109654426291089635e+01
3.508000000000000114e+02 2.083438829038326290e+01
3.510000000000000000e+02 2.050000000000000000e+01
3.512000000000000455e+02 2.010139531720091099e+01
3.513999999999999773e+02 1.965880655984200232e+01
3.516000000000000227e+02 1.919552014388232664e+01
3.518000000000000114e+02 1.873482248528185323e+01
3.520000000000000000e+02 1.830000000000000426e+01
3.522000000000000455e+02 1.790850678614060243e+01
3.523999999999999773e+02 1.755446767038534261e+01
3.526000000000000227e+02 1.722617516155953865e+01
3.528000000000000114e+02 1.691192176848921491e+01
3.530000000000000000e+02 1.660000000000000497e+01
3.532000000000000455e+02 1.628137753823617828e+01
3.533999999999999773e+02 1.595772275861689771e+01
3.536000000000000227e+02 1.563337920987930652e+01
3.538000000000000114e+02 1.531269044076120167e+01
3.540000000000000000e+02 1.500000000000000178e+01
3.542000000000000455e+02 1.470118306091425708e+01
3.543999999999999773e+02 1.442824129514730380e+01
3.546000000000000227e+02 1.419470799892304136e+01
3.548000000000000114e+02 1.401411646846589676e+01
3.550000000000000000e+02 1.390000000000000391e+01
3.552000000000000455e+02 1.385629021810646933e+01
3.553999999999999773e+02 1.384851206079405905e+01
3.556000000000000227e+02 1.383258879442840694e+01
3.558000000000000114e+02 1.376444368537516816e+01
3.560000000000000000e+02 1.360000000000000142e+01
3.562000000000000455e+02 1.330965606665971990e+01
3.563999999999999773e+02 1.292171046167655213e+01
3.566000000000000227e+02 1.247893682336325760e+01
3.568000000000000114e+02 1.202410879003338451e+01
3.570000000000000000e+02 1.159999999999999964e+01
3.572000000000000455e+02 1.124028551525426067e+01
3.573999999999999773e+02 1.094224609249996050e+01
3.576000000000000227e+02 1.069406391211833096e+01
3.578000000000000114e+02 1.048392115449117590e+01
3.580000000000000000e+02 1.030000000000000249e+01
3.582000000000000455e+02 1.013080187232282370e+01
3.583999999999999773e+02 9.966105168323803554e+00
3.586000000000000227e+02 9.796007528163256595e+00
3.588000000000000114e+02 9.610606592001836646e+00
3.590000000000000000e+02 9.400000000000000355e+00
3.592000000000000455e+02 9.159066995454169913e+00
3.593999999999999773e+02 8.901813234204972503e+00
3.596000000000000227e+02 8.647025975228519457e+00
3.598000000000000114e+02 8.413492477501421263e+00
3.600000000000000000e+02 8.220000000000000639e+00
3.602000000000000455e+02 8.077570145860205386e+00
3.603999999999999773e+02 7.966161894856459647e+00
3.606000000000000227e+02 7.857968570922532869e+00
3.608000000000000114e+02 7.725183497992420101e+00
3.610000000000000000e+02 7.540000000000000924e+00
3.612000000000000455e+02 7.284012421104777424e+00
3.613999999999999773e+02 6.976419186369308356e+00
3.616000000000000227e+02 6.645819741081239407e+00
3.618000000000000114e+02 6.320813530528837987e+00
3.620000000000000000e+02 6.030000000000001137e+00
3.622000000000000455e+02 5.795580169720348174e+00
3.623999999999999773e+02 5.614161359666489659e+00
3.626000000000000227e+02 5.475952464752338322e+00
3.628000000000000114e+02 5.371162379892147953e+00
3.630000000000000000e+02 5.290000000000000924e+00
3.632000000000000455e+02 5.223666900013564707e+00
3.633999999999999773e+02 5.167335374964851624e+00
3.636000000000000227e+02 5.117170399909317879e+00
3.638000000000000114e+02 5.069336949902531586e+00
3.640000000000000000e+02 5.020000000000000462e+00
3.642000000000000455e+02 4.963672230225275150e+00
3.643999999999999773e+02 4.888257140474156159e+00
3.646000000000000227e+02 4.780005935610343926e+00
3.648000000000000114e+02 4.625169820497704087e+00
3.650000000000000000e+02 4.410000000000001030e+00
3.652000000000000455e+02 4.127804179085192260e+00
3.653999999999999773e+02 3.800116063138608169e+00
3.656000000000000227e+02 3.455525857649205612e+00
3.658000000000000114e+02 3.122623768106596032e+00
3.660000000000000000e+02 2.830000000000000071e+00
3.662000000000000455e+02 2.598551053433615809e+00
3.663999999999999773e+02 2.418398606971597253e+00
3.666000000000000227e+02 2.271970633792650407e+00
3.668000000000000114e+02 2.141695107075828108e+00
3.670000000000000000e+02 2.009999999999999787e+00
3.672000000000000455e+02 1.863431607180056071e+00
3.673999999999999773e+02 1.705009508975132482e+00
3.676000000000000227e+02 1.541871607180072878e+00
3.678000000000000114e+02 1.381155803590036424e+00
3.680000000000000000e+02 1.229999999999999982e+00
3.682000000000000455e+02 1.093234517845942833e+00
3.683999999999999773e+02 9.664593571279775919e-01
3.686000000000000227e+02 8.429669374869538379e-01
3.688000000000000114e+02 7.160496785639742789e-01
3.690000000000000000e+02 5.789999999999999591e-01
3.692000000000000455e+02 4.251103214359808202e-01
3.693999999999999773e+02 2.476730625130538488e-01
3.696000000000000227e+02 3.998064287201097411e-02
3.698000000000000114e+02 -2.046745178459876691e-01
3.700000000000000000e+02 -4.929999999999999938e-01
